%YAML:1.0

#--------------------------------------------------------------------------------------------
# Camera Parameters. Adjust them!
#--------------------------------------------------------------------------------------------
Camera.type: "PinHole"

# Camera calibration and distortion parameters (OpenCV) 
Camera.fx: 387.1669105453907
Camera.fy: 387.1669105453907
Camera.cx: 315.6226272583008
Camera.cy: 239.6582412719727

Camera.k1: 0.0
Camera.k2: 0.0
Camera.p1: 0.0
Camera.p2: 0.0

Camera.bFishEye: 0

Camera.width: 640
Camera.height: 480

# Camera frames per second 
Camera.fps: 15.0

# stereo baseline times fx
Camera.bf: 36.93913278048757

# Color order of the images (0: BGR, 1: RGB. It is ignored if images are grayscale)
Camera.RGB: 1

# Close/Far threshold. Baseline times.
ThDepth: 35

#--------------------------------------------------------------------------------------------
# Stereo Rectification. Only if you need to pre-rectify the images.
# Camera.fx, .fy, etc must be the same as in LEFT.P
#--------------------------------------------------------------------------------------------
LEFT.height: 480
LEFT.width: 640
LEFT.D: !!opencv-matrix
   rows: 1
   cols: 5
   dt: d
   data: [0.005683449507353819, -0.003829839343372725, 0.00043788502942717895, 0.0006489992571529818, 0.0]
LEFT.K: !!opencv-matrix
   rows: 3
   cols: 3
   dt: d
   data: [386.94177567840194, 0.0, 319.6185662555163, 0.0, 387.3899123181179, 239.20218302916822, 0.0, 0.0, 1.0]
LEFT.R:  !!opencv-matrix
   rows: 3
   cols: 3
   dt: d
   data: [0.9999745827385543, -0.0009977751143517438, 0.007059626171069202, 0.001000783645146977, 0.9999994099034695, -0.0004226402825010625, -0.007059200305252088, 0.0004296946985553655, 0.9999749912140385]
LEFT.P:  !!opencv-matrix
   rows: 3
   cols: 4
   dt: d
   data: [387.1669105453907, 0, 315.6226272583008, 0, 0, 387.1669105453907, 239.6582412719727, 0,  0, 0, 1, 0]

RIGHT.height: 480
RIGHT.width: 640
RIGHT.D: !!opencv-matrix
   rows: 1
   cols: 5
   dt: d
   data: [0.006220071681460634, -0.004624404969783054, 0.00032620870485644565, -8.118712663073539e-05, 0.0]
RIGHT.K: !!opencv-matrix
   rows: 3
   cols: 3
   dt: d
   data: [384.84812910342305, 0.0, 320.84837096517185, 0.0, 385.1302140254154, 238.28768613225736, 0.0, 0.0, 1.0]
RIGHT.R: !!opencv-matrix
   rows: 3
   cols: 3
   dt: d
   data: [0.9999864365805182, -0.0008134381893806243, 0.005144411852599259, 0.0008112457130565799, 0.9999995792375014, 0.0004282583488275978, -0.00514475804971953, -0.0004240791581183443, 0.9999866757219705]
RIGHT.P:  !!opencv-matrix
   rows: 3
   cols: 4
   dt: d
   data: [387.1669105453907, 0, 315.6226272583008, -36.93913278048757, 0, 387.1669105453907, 239.6582412719727, 0, 0, 0, 1, 0]

#--------------------------------------------------------------------------------------------
# ORB Parameters
#--------------------------------------------------------------------------------------------

# ORB Extractor: Number of features per image
ORBextractor.nFeatures: 1200

# ORB Extractor: Scale factor between levels in the scale pyramid 	
ORBextractor.scaleFactor: 1.2

# ORB Extractor: Number of levels in the scale pyramid	
ORBextractor.nLevels: 8 #original 8

# ORB Extractor: Fast threshold
# Image is divided in a grid. At each cell FAST are extracted imposing a minimum response.
# Firstly we impose iniThFAST. If no corners are detected we impose a lower value minThFAST
# You can lower these values if your images have low contrast			
ORBextractor.iniThFAST: 20
ORBextractor.minThFAST: 7

#--------------------------------------------------------------------------------------------
# Viewer Parameters
#--------------------------------------------------------------------------------------------
Viewer.KeyFrameSize: 0.05
Viewer.KeyFrameLineWidth: 1
Viewer.GraphLineWidth: 0.9
Viewer.PointSize:2
Viewer.CameraSize: 0.08
Viewer.CameraLineWidth: 3
Viewer.ViewpointX: 0
Viewer.ViewpointY: -0.7
Viewer.ViewpointZ: -1.8
Viewer.ViewpointF: 500

